# HD, HR, Flamsteed, Bayer, RA, Dec, Vmag, B-V
# data from BSC catalogue
# RA between 270 and 310, Dec between 34 and 55, Vmag<6.0
166208 | 6791 |        |        | 271.8700 | 43.4617 | 5.00 |  0.91 |
166229 | 6793 |        |        | 272.0092 | 36.4014 | 5.48 |  1.17 |
166640 | 6807 |        |        | 272.4958 | 36.4664 | 5.58 |  0.91 |
167042 | 6817 |        |        | 272.6317 | 54.2867 | 5.95 |  0.94 |
167965 | 6845 |        |        | 273.9117 | 42.1594 | 5.59 | -0.10 |
168775 | 6872 |  1 Lyr |  κ Lyr | 274.9654 | 36.0644 | 4.33 |  1.17 |
169305 | 6891 |        |        | 275.3863 | 49.1217 | 5.05 |  1.66 |
169702 | 6903 |  2 Lyr |  μ Lyr | 276.0575 | 39.5072 | 5.12 |  0.03 |
171779 | 6983 |        |        | 278.4862 | 52.3536 | 5.36 |  1.09 |
172167 | 7001 |  3 Lyr |  α Lyr | 279.2346 | 38.7836 | 0.03 |  0.00 |
173582 | 7051 |  4 Lyr | ε¹ Lyr | 281.0850 | 39.6700 | 5.06 |  0.16 |
173607 | 7053 |  5 Lyr | ε² Lyr | 281.0954 | 39.6131 | 5.14 |  0.19 |
173608 | 7054 |  5 Lyr | ε² Lyr | 281.0954 | 39.6128 | 5.37 |  0.13 |
173648 | 7056 |  6 Lyr | ζ¹ Lyr | 281.1933 | 37.6050 | 4.36 |  0.19 |
173649 | 7057 |  7 Lyr | ζ² Lyr | 281.2008 | 37.5944 | 5.73 |  0.28 |
174237 | 7084 |        |        | 281.6796 | 52.9881 | 5.88 | -0.09 |
175225 | 7123 |        |        | 282.8958 | 52.9750 | 5.51 |  0.84 |
175426 | 7131 | 11 Lyr | δ¹ Lyr | 283.4317 | 36.9717 | 5.58 | -0.15 |
175535 | 7137 |        |        | 283.3067 | 50.7083 | 4.92 |  0.90 |
175588 | 7139 | 12 Lyr | δ² Lyr | 283.6258 | 36.8989 | 4.30 |  1.68 |
175740 | 7146 |        |        | 283.7175 | 41.6028 | 5.44 |  1.03 |
175824 | 7154 |        |        | 283.6962 | 48.8597 | 5.77 |  0.43 |
175865 | 7157 | 13 Lyr |        | 283.8338 | 43.9461 | 4.04 |  1.59 |
176318 | 7174 |        |        | 284.5079 | 38.2661 | 5.89 | -0.17 |
177003 | 7210 |        |        | 285.0571 | 50.5336 | 5.38 | -0.18 |
177196 | 7215 | 16 Lyr |        | 285.3600 | 46.9347 | 5.01 |  0.19 |
178207 | 7251 | 51 Dra |        | 286.2300 | 53.3967 | 5.38 | -0.01 |
178475 | 7262 | 18 Lyr |  ι Lyr | 286.8254 | 36.1003 | 5.28 | -0.11 |
179094 | 7275 |        |        | 287.1075 | 52.4256 | 5.81 |  1.09 |
180163 | 7298 | 20 Lyr |  η Lyr | 288.4396 | 39.1461 | 4.39 | -0.15 |
180809 | 7314 | 21 Lyr |  θ Lyr | 289.0921 | 38.1336 | 4.36 |  1.26 |
181276 | 7328 |  1 Cyg |  κ Cyg | 289.2758 | 53.3686 | 3.77 |  0.96 |
182694 | 7382 |        |        | 290.9854 | 43.3881 | 5.84 |  0.92 |
183056 | 7395 |  4 Cyg |        | 291.5379 | 36.3178 | 5.15 | -0.12 |
183534 | 7408 |  7 Cyg | ι¹ Cyg | 291.8579 | 52.3206 | 5.75 |  0.00 |
184006 | 7420 | 10 Cyg | ι² Cyg | 292.4262 | 51.7297 | 3.79 |  0.14 |
184171 | 7426 |  8 Cyg |        | 292.9429 | 34.4531 | 4.74 | -0.14 |
184293 | 7427 |        |        | 292.8304 | 50.3067 | 5.53 |  1.25 |
184786 | 7442 |        |        | 293.4233 | 49.2625 | 5.96 |  1.64 |
184875 | 7444 |        |        | 293.6717 | 42.4128 | 5.35 |  0.05 |
184960 | 7451 |        |        | 293.5825 | 51.2367 | 5.73 |  0.48 |
185351 | 7468 |        |        | 294.1579 | 44.6950 | 5.17 |  0.93 |
185395 | 7469 | 13 Cyg |  θ Cyg | 294.1104 | 50.2211 | 4.48 |  0.38 |
185872 | 7483 | 14 Cyg |        | 294.8604 | 42.8183 | 5.40 | -0.08 |
185912 | 7484 |        |        | 294.6717 | 54.9739 | 5.82 |  0.44 |
186155 | 7495 |        |        | 295.2092 | 45.5250 | 5.06 |  0.40 |
186408 | 7503 | 16 Cyg |        | 295.4537 | 50.5253 | 5.96 |  0.64 |
186619 | 7514 |        |        | 295.9375 | 41.7731 | 5.84 |  1.57 |
186675 | 7517 | 15 Cyg |        | 296.0692 | 37.3544 | 4.89 |  0.95 |
186882 | 7528 | 18 Cyg |  δ Cyg | 296.2438 | 45.1308 | 2.87 | -0.03 |
187235 | 7543 |        |        | 296.8658 | 38.4075 | 5.77 | -0.06 |
187849 | 7566 | 19 Cyg |        | 297.6417 | 38.7225 | 5.12 |  1.69 |
187879 | 7567 |        |        | 297.6554 | 40.5997 | 5.69 | -0.04 |
188056 | 7576 | 20 Cyg |        | 297.6571 | 52.9881 | 5.03 |  1.28 |
188209 | 7589 |        |        | 297.9962 | 47.0275 | 5.62 | -0.07 |
188252 | 7591 |        |        | 298.0300 | 47.9319 | 5.91 | -0.18 |
188650 | 7606 |        |        | 298.7013 | 36.9961 | 5.76 |  0.75 |
188892 | 7613 | 22 Cyg |        | 298.9654 | 38.4867 | 4.94 | -0.08 |
188947 | 7615 | 21 Cyg |  η Cyg | 299.0767 | 35.0833 | 3.89 |  1.02 |
189037 | 7619 | 24 Cyg |  ψ Cyg | 298.9075 | 52.4389 | 4.92 |  0.12 |
189178 | 7628 |        |        | 299.3079 | 40.3681 | 5.45 | -0.10 |
189684 | 7646 |        |        | 299.8354 | 45.7722 | 5.92 |  0.16 |
189687 | 7647 | 25 Cyg |        | 299.9800 | 37.0428 | 5.19 | -0.17 |
190147 | 7660 | 26 Cyg |        | 300.3400 | 50.1047 | 5.05 |  1.11 |
191026 | 7689 | 27 Cyg |        | 301.5908 | 35.9725 | 5.36 |  0.85 |
191195 | 7697 |        |        | 301.5575 | 53.1658 | 5.85 |  0.39 |
191610 | 7708 | 28 Cyg |        | 302.3567 | 36.8397 | 4.93 | -0.13 |
192514 | 7730 | 30 Cyg |        | 303.3250 | 46.8158 | 4.83 |  0.09 |
192577 | 7735 | 31 Cyg |        | 303.4079 | 46.7414 | 3.79 |  1.28 |
192640 | 7736 | 29 Cyg |        | 303.6333 | 36.8064 | 4.97 |  0.14 |
192909 | 7751 | 32 Cyg |        | 303.8679 | 47.7144 | 3.98 |  1.52 |
192985 | 7756 |        |        | 304.0025 | 45.5794 | 5.91 |  0.38 |
193092 | 7759 |        |        | 304.2304 | 40.3650 | 5.24 |  1.65 |
193237 | 7763 | 34 Cyg |        | 304.4467 | 38.0331 | 4.81 |  0.42 |
193322 | 7767 |        |        | 304.5292 | 40.7322 | 5.84 |  0.10 |
193369 | 7769 | 36 Cyg |        | 304.6192 | 37.0000 | 5.58 |  0.06 |
193370 | 7770 | 35 Cyg |        | 304.6629 | 34.9828 | 5.17 |  0.65 |
194093 | 7796 | 37 Cyg |  γ Cyg | 305.5571 | 40.2567 | 2.20 |  0.68 |
194152 | 7798 |        |        | 305.5225 | 45.7950 | 5.58 |  1.08 |
194193 | 7800 |        |        | 305.6887 | 41.0261 | 5.93 |  1.60 |
194335 | 7807 |        |        | 305.9350 | 37.4764 | 5.90 | -0.20 |
195050 | 7826 | 40 Cyg |        | 306.8929 | 38.4403 | 5.62 |  0.06 |
195068 | 7828 | 43 Cyg |        | 306.7596 | 49.3833 | 5.69 |  0.26 |
195324 | 7835 | 42 Cyg |        | 307.3350 | 36.4547 | 5.88 |  0.52 |
195556 | 7844 | 45 Cyg | ω¹ Cyg | 307.5146 | 48.9517 | 4.95 | -0.09 |
195774 | 7851 | 46 Cyg | ω² Cyg | 307.8283 | 49.2203 | 5.44 |  1.55 |
196093 | 7866 | 47 Cyg |        | 308.4758 | 35.2508 | 4.61 |  1.60 |
196178 | 7870 |        |        | 308.4788 | 46.6939 | 5.78 | -0.16 |
